РАСПИСАНИЕ;
движения автобусов   по маршруту № 33 с 01.09.14;
Вариант;ОСЕННИЙ;Период;БУДНИ;
;;;;;;;;;;;;;
В Р Е М Я    О Т П Р А В Л Е Н И Я;
;;Заказ автобусов, микроавтобусов: тел. (8152) 700-720;;;
ул. Орликовой;;ул. Свердлова;
6.21;8.48;10.35;13.52;16.38;18.42;;6.52;8.55;11.23;14.27;16.45;18.40;
6.55;9.01;11.03;14.15;16.51;19.13;;7.16;9.08;11.46;14.52;16.59;18.49*;
7.25;9.15;11.32;14.38;17.05;19.45*;;7.31;9.22;12.09;15.17;17.13;19.15;
7.39;9.28;11.57;15.01;17.19;20.17;;7.46;9.35;12.32;15.36;17.27;19.46;
7.52;9.41;12.20;15.26;17.33;;;8.00;9.48;12.55;15.50;17.42;20.48*;
8.06;9.55;12.43;15.51;17.47;;;8.14;10.02;13.18;16.04;17.52*;;
8.20;10.08;13.06;16.10;18.01;;;8.27;10.30;13.41;16.17;18.08;;
8.34;10.21;13.29;16.24;18.16;;;8.41;10.58;14.04;16.31;18.20*;;
;;;;;;;;;;;;;
ВЫХОДНЫЕ;
ул. Орликовой;;ул. Свердлова;
7.23;10.08;12.58;14.54;17.35;19.52;;7.57;10.42;13.10;15.29;17.24;19.40*;
7.56;10.41;13.21;15.39;17.58;;;8.30;11.16;13.33;16.11;17.47;20.23*;
8.29;11.15;13.44;16.03;18.20*;;;9.03;11.59;13.56;16.14;18.10;;
9.02;11.49;14.07;16.48;18.44;;;9.36;12.24;14.20;16.38;18.34;;
9.35;12.33;14.30;17.12;19.07;;;10.09;12.47;15.05;17.01;19.19;;
* Автобус следует   в депо;
