РАСПИСАНИЕ;
движения автобусов   по маршруту № 3т с  01.09.2014;
Вариант;ОСЕННИЙ;Период;БУДНИ;
;;Заказ автобусов, микроавтобусов: тел. (8152) 700-720;;;
В Р Е М Я    О Т П Р А В Л Е Н И Я;
ул. Фролова;;ТЦ "О Кей";
7.10;9.15;11.52;13.44;16.29;18.26;;6.56;8.59;11.36;13.28;16.12;18.10;
7.28;9.26;12.02;13.54;16.40;18.36;;7.14;9.09;11.46;13.38;16.23;18.20;
7.39;9.36;12.12;14.14;16.50;18.43;;7.23;9.19;11.56;13.48;16.33;18.30;
7.50;9.46;12.22;14.44;17.01;18.55;;7.33;9.29;12.06;13.58;16.44;18.40;
8.00;9.57;12.32;15.03;17.12;19.03;;7.43;9.40;12.16;14.08;16.55;18.50;
8.11;10.07;12.42;15.14;17.23;19.23;;7.54;9.50;12.26;14.28;17.05;19.08;
8.22;10.27;12.53;15.25;17.34;19.51;;8.05;10.00;12.36;14.58;17.16;19.36;
8.33;11.02;13.04;15.36;17.45;20.19;;8.15;10.11;12.47;15.18;17.27;20.04;
8.44;11.22;13.14;15.57;17.56;20.47;;8.26;10.21;12.57;15.40;17.38;20.32;
8.55;11.32;13.24;16.08;18.06;21.15;;8.37;10.41;13.08;15.51;17.49;21.00;
9.05;11.42;13.34;16.18;18.16;;;8.48;11.16;13.18;16.01;18.00;;
СУББОТА;
ул. Фролова;;ТЦ "О Кей";
7.10;9.15;11.54;13.46;16.29;18.26;;6.56;8.59;11.38;13.30;16.12;18.09;
7.28;9.26;12.04;13.56;16.40;18.32;;7.14;9.09;11.48;13.40;16.22;18.19;
7.39;9.36;12.14;14.16;16.51;18.45;;7.23;9.19;11.58;13.50;16.33;18.29;
7.50;9.46;12.24;14.53;17.02;18.53;;7.33;9.29;12.08;14.00;16.44;18.40;
8.00;9.57;12.34;15.14;17.12;19.15;;7.43;9.40;12.18;14.10;16.55;18.59;
8.11;10.07;12.44;15.25;17.23;19.43;;7.54;9.50;12.28;14.30;17.06;19.30;
8.22;10.27;12.55;15.35;17.34;;;8.05;10.00;12.38;15.08;17.17;;
8.33;11.04;13.06;15.46;17.44;;;8.15;10.11;12.49;15.29;17.27;;
8.44;11.24;13.16;15.57;17.55;;;8.26;10.21;12.59;15.40;17.38;;
8.55;11.34;13.26;16.07;18.05;;;8.37;10.41;13.10;15.50;17.49;;
9.05;11.44;13.36;16.18;18.15;;;8.48;11.18;13.20;16.01;17.59;;
ВОСКРЕСЕНЬЕ;
ул. Фролова;;ТЦ "О Кей";
7.20;10.07;12.08;13.44;16.01;17.38;;7.06;9.53;11.51;13.27;15.44;17.21;
7.48;10.22;12.24;14.16;16.18;17.54;;7.33;10.07;12.07;13.43;16.00;17.37;
8.16;10.50;12.40;14.41;16.34;18.10;;8.01;10.21;12.23;13.59;16.16;17.53;
8.44;11.20;12.56;15.13;16.50;18.24;;8.29;10.35;12.39;14.31;16.33;18.09;
9.12;11.36;13.12;15.29;17.06;18.40;;8.57;11.03;12.55;14.56;16.49;18.25;
9.40;11.52;13.28;15.45;17.22;;;9.25;11.35;13.11;15.28;17.05;;
