РАСПИСАНИЕ;
движения автобусов   по маршруту № 4т с  01.09.2014;
Вариант;ОСЕННИЙ;Период;БУДНИ;
;;Заказ автобусов, микроавтобусов: тел. (8152) 700-720;;;
В Р Е М Я    О Т П Р А В Л Е Н И Я;
пл. Нахимова;;ул. А. Невского;
7.10;9.22;11.58;13.43;16.39 *;18.36;;7.00;9.11;11.35;13.32;16.24 **;18.25;
7.31;9.34;12.09;13.55;16.54;18.58;;7.21;9.23;11.58;13.43;16.39;18.47;
7.46;9.45;12.21;14.19;17.08;;;7.32;9.34;12.10;13.55;16.55;;
8.00 *;9.57;12.33;14.42;17.21;;;7.45 **;9.46;12.22;14.08;17.08;;
8.15 *;10.20;12.44;15.10;17.35;;;8.00 **;9.57;12.33;14.31;17.22;;
8.31;10.43;12.56;15.38;17.48;;;8.16;10.09;12.45;14.54;17.35;;
8.45;11.00;13.08;15.54;18.02;;;8.32;10.32;12.57;15.24;17.49;;
8.58;11.23;13.20;16.07 *;18.14;;;8.45;10.55;13.09;15.52 **;18.02;;
9.10;11.46;13.31;16.23 *;18.25;;;8.59;11.12;13.20;16.08 **;18.14;;
* Рейс отправляется   "от" ост. ул. Ладыгина;;** Рейс отправляется "до" ост. ул.   Ладыгина;
;;Заказ микроавтобусов на свадьбу: тел. (8152) 700-720;;;
СУББОТА;
пл. Нахимова;;ул. А. Невского;
7.10;9.06;11.21;13.06;15.19;17.21;;7.00;8.53;10.53;12.55;14.51;17.08;
7.31;9.18;11.44;13.17;15.46;17.35;;7.21;9.06;11.10;13.06;15.06;17.22;
7.45;9.31;11.56;13.29;16.00;17.48;;7.32;9.19;11.33;13.18;15.33;17.35;
7.58;9.43;12.07;13.40;16.13;18.02;;7.45;9.31;11.56;13.29;16.00;17.49;
8.12;9.55;12.19;13.52;16.27;18.14;;7.59;9.43;12.08;13.41;16.14;18.02;
8.25;10.18;12.30;14.15;16.40;18.25;;8.12;9.55;12.19;13.52;16.27;18.14;
8.39;10.41;12.42;14.38;16.54;18.36;;8.26;10.07;12.31;14.04;16.41;18.25;
8.53;10.58;12.54;14.53;17.07;18.58;;8.40;10.30;12.43;14.27;16.54;18.47;
