РАСПИСАНИЕ;
движения автобусов   по маршруту № 6т  с 01.09.14;
Вариант;ОСЕННИЙ;Период;БУДНИ;
;;Заказ автобусов, микроавтобусов: тел. (8152) 700-720;;;
В Р Е М Я    О Т П Р А В Л Е Н И Я;
ул. Орликовой;;ОМСЧ "Севрыба";
6.32;9.00;11.40;13.35;16.18;18.19;;6.47;9.17;11.57;13.52;16.36;18.37 *;
6.58;9.15;11.55;13.49;16.33;18.34;;7.16;9.31;12.11;14.06;16.51;18.52;
7.28;9.29;12.10;14.04;16.49;19.04;;7.46;9.45;12.26;14.20;17.07;19.19;
7.44;9.43;12.24;14.18;17.04;19.30;;8.02;9.59;12.40;14.35;17.22;19.45;
7.59;9.57;12.38;14.32;17.19;19.56;;8.17;10.28;12.54;15.06;17.37;20.11 *;
8.14;10.12;12.52;14.48;17.34;;;8.32;11.00;13.08;15.36;17.52;;
8.29;10.40;13.07;15.18;17.49;;;8.47;11.28;13.23;16.06;18.07;;
8.44;11.12;13.21;15.48;18.04;;;9.02;11.43;13.37;16.21;18.22;;
;;;;;;;;;;;;;
ВЫХОДНЫЕ;
ул. Орликовой;;ОМСЧ "Севрыба";
7.30;9.19;11.08;13.51;16.32;18.34;;7.46;9.35;12.08;14.09;16.50;18.52;
7.57;9.46;12.20;14.21;17.03;19.04;;8.13;10.02;12.38;14.39;17.21;19.19;
8.24;10.13;12.50;14.51;17.33;19.30;;8.40;10.29;13.08;15.09;17.51;19.45*;
8.52;10.40;13.20;15.21;18.03;;;9.08;10.56;13.38;16.20;18.21;;
;;* Автобус следует в депо;
;;;;;;;;;;;;;
